5 1 1024 0.000976562 1303
6 1 1024 0.000976562 368
7 1 1024 0.000976562 502
5 1 1024 0.00195312 1735
6 1 1024 0.00195312 327
7 1 1024 0.00195312 342
5 1 1024 0.00390625 2034
6 1 1024 0.00390625 449
7 1 1024 0.00390625 453
5 1 1024 0.0078125 2112
6 1 1024 0.0078125 440
7 1 1024 0.0078125 442
5 1 1024 0.015625 2176
6 1 1024 0.015625 423
7 1 1024 0.015625 419
5 1 1024 0.03125 2187
6 1 1024 0.03125 472
7 1 1024 0.03125 475
5 1 1024 0.0625 2231
6 1 1024 0.0625 522
7 1 1024 0.0625 514
5 1 1024 0.125 2338
6 1 1024 0.125 618
7 1 1024 0.125 653
5 2 1024 0.000976562 2071
6 2 1024 0.000976562 426
7 2 1024 0.000976562 428
5 2 1024 0.00195312 1814
6 2 1024 0.00195312 392
7 2 1024 0.00195312 400
5 2 1024 0.00390625 1778
6 2 1024 0.00390625 403
7 2 1024 0.00390625 398
5 2 1024 0.0078125 1844
6 2 1024 0.0078125 393
7 2 1024 0.0078125 395
5 2 1024 0.015625 2109
6 2 1024 0.015625 418
7 2 1024 0.015625 414
5 2 1024 0.03125 1948
6 2 1024 0.03125 432
7 2 1024 0.03125 422
5 2 1024 0.0625 2322
6 2 1024 0.0625 451
7 2 1024 0.0625 442
5 2 1024 0.125 2087
6 2 1024 0.125 511
7 2 1024 0.125 506
5 3 1024 0.000976562 1923
6 3 1024 0.000976562 390
7 3 1024 0.000976562 405
5 3 1024 0.00195312 1891
6 3 1024 0.00195312 386
7 3 1024 0.00195312 389
5 3 1024 0.00390625 1908
6 3 1024 0.00390625 396
7 3 1024 0.00390625 395
5 3 1024 0.0078125 1900
6 3 1024 0.0078125 401
7 3 1024 0.0078125 393
5 3 1024 0.015625 1903
6 3 1024 0.015625 400
7 3 1024 0.015625 406
5 3 1024 0.03125 1915
6 3 1024 0.03125 413
7 3 1024 0.03125 411
5 3 1024 0.0625 2285
6 3 1024 0.0625 461
7 3 1024 0.0625 460
5 3 1024 0.125 2413
6 3 1024 0.125 509
7 3 1024 0.125 498
5 4 1024 0.000976562 2310
6 4 1024 0.000976562 425
7 4 1024 0.000976562 422
5 4 1024 0.00195312 2321
6 4 1024 0.00195312 424
7 4 1024 0.00195312 423
5 4 1024 0.00390625 2326
6 4 1024 0.00390625 419
7 4 1024 0.00390625 417
5 4 1024 0.0078125 2341
6 4 1024 0.0078125 433
7 4 1024 0.0078125 430
5 4 1024 0.015625 2339
6 4 1024 0.015625 437
7 4 1024 0.015625 435
5 4 1024 0.03125 2341
6 4 1024 0.03125 442
7 4 1024 0.03125 439
5 4 1024 0.0625 2342
6 4 1024 0.0625 452
7 4 1024 0.0625 449
5 4 1024 0.125 2392
6 4 1024 0.125 500
7 4 1024 0.125 474
5 5 1024 0.000976562 2280
6 5 1024 0.000976562 416
7 5 1024 0.000976562 418
5 5 1024 0.00195312 2297
6 5 1024 0.00195312 416
7 5 1024 0.00195312 416
5 5 1024 0.00390625 2294
6 5 1024 0.00390625 422
7 5 1024 0.00390625 420
5 5 1024 0.0078125 2291
6 5 1024 0.0078125 419
7 5 1024 0.0078125 418
5 5 1024 0.015625 2304
6 5 1024 0.015625 434
7 5 1024 0.015625 435
5 5 1024 0.03125 2350
6 5 1024 0.03125 453
7 5 1024 0.03125 448
5 5 1024 0.0625 2382
6 5 1024 0.0625 455
7 5 1024 0.0625 448
5 5 1024 0.125 2368
6 5 1024 0.125 468
7 5 1024 0.125 457
5 6 1024 0.000976562 2308
6 6 1024 0.000976562 424
7 6 1024 0.000976562 420
5 6 1024 0.00195312 2016
6 6 1024 0.00195312 383
7 6 1024 0.00195312 385
5 6 1024 0.00390625 1886
6 6 1024 0.00390625 385
7 6 1024 0.00390625 386
5 6 1024 0.0078125 1886
6 6 1024 0.0078125 388
7 6 1024 0.0078125 401
5 6 1024 0.015625 1872
6 6 1024 0.015625 395
7 6 1024 0.015625 395
5 6 1024 0.03125 1887
6 6 1024 0.03125 403
7 6 1024 0.03125 399
5 6 1024 0.0625 1908
6 6 1024 0.0625 416
7 6 1024 0.0625 411
5 6 1024 0.125 1930
6 6 1024 0.125 437
7 6 1024 0.125 438
5 7 1024 0.000976562 1901
6 7 1024 0.000976562 395
7 7 1024 0.000976562 390
5 7 1024 0.00195312 1895
6 7 1024 0.00195312 382
7 7 1024 0.00195312 385
5 7 1024 0.00390625 1890
6 7 1024 0.00390625 395
7 7 1024 0.00390625 389
5 7 1024 0.0078125 1914
6 7 1024 0.0078125 393
7 7 1024 0.0078125 396
5 7 1024 0.015625 1924
6 7 1024 0.015625 404
7 7 1024 0.015625 403
5 7 1024 0.03125 1920
6 7 1024 0.03125 404
7 7 1024 0.03125 404
5 7 1024 0.0625 1932
6 7 1024 0.0625 416
7 7 1024 0.0625 410
5 7 1024 0.125 1962
6 7 1024 0.125 444
7 7 1024 0.125 442
5 8 1024 0.000976562 1912
6 8 1024 0.000976562 396
7 8 1024 0.000976562 391
5 8 1024 0.00195312 1913
6 8 1024 0.00195312 385
7 8 1024 0.00195312 383
5 8 1024 0.00390625 1897
6 8 1024 0.00390625 390
7 8 1024 0.00390625 395
5 8 1024 0.0078125 1900
6 8 1024 0.0078125 393
7 8 1024 0.0078125 392
5 8 1024 0.015625 1898
6 8 1024 0.015625 395
7 8 1024 0.015625 400
5 8 1024 0.03125 1892
6 8 1024 0.03125 404
7 8 1024 0.03125 404
5 8 1024 0.0625 1917
6 8 1024 0.0625 423
7 8 1024 0.0625 408
5 8 1024 0.125 1936
6 8 1024 0.125 443
7 8 1024 0.125 433