5 1 1024 0.000976562 442
6 1 1024 0.000976562 140
7 1 1024 0.000976562 166
5 1 1024 0.00195312 436
6 1 1024 0.00195312 142
7 1 1024 0.00195312 146
5 1 1024 0.00390625 478
6 1 1024 0.00390625 193
7 1 1024 0.00390625 172
5 1 1024 0.0078125 495
6 1 1024 0.0078125 205
7 1 1024 0.0078125 197
5 1 1024 0.015625 548
6 1 1024 0.015625 243
7 1 1024 0.015625 229
5 1 1024 0.03125 622
6 1 1024 0.03125 343
7 1 1024 0.03125 344
5 1 1024 0.0625 1161
6 1 1024 0.0625 539
7 1 1024 0.0625 594
5 1 1024 0.125 1142
6 1 1024 0.125 893
7 1 1024 0.125 858
5 2 1024 0.000976562 447
6 2 1024 0.000976562 141
7 2 1024 0.000976562 168
5 2 1024 0.00195312 504
6 2 1024 0.00195312 175
7 2 1024 0.00195312 175
5 2 1024 0.00390625 517
6 2 1024 0.00390625 186
7 2 1024 0.00390625 185
5 2 1024 0.0078125 499
6 2 1024 0.0078125 203
7 2 1024 0.0078125 203
5 2 1024 0.015625 579
6 2 1024 0.015625 243
7 2 1024 0.015625 234
5 2 1024 0.03125 637
6 2 1024 0.03125 301
7 2 1024 0.03125 265
5 2 1024 0.0625 751
6 2 1024 0.0625 394
7 2 1024 0.0625 391
5 2 1024 0.125 967
6 2 1024 0.125 660
7 2 1024 0.125 590
5 3 1024 0.000976562 425
6 3 1024 0.000976562 158
7 3 1024 0.000976562 163
5 3 1024 0.00195312 458
6 3 1024 0.00195312 133
7 3 1024 0.00195312 133
5 3 1024 0.00390625 473
6 3 1024 0.00390625 144
7 3 1024 0.00390625 180
5 3 1024 0.0078125 501
6 3 1024 0.0078125 155
7 3 1024 0.0078125 157
5 3 1024 0.015625 481
6 3 1024 0.015625 215
7 3 1024 0.015625 207
5 3 1024 0.03125 585
6 3 1024 0.03125 254
7 3 1024 0.03125 246
5 3 1024 0.0625 665
6 3 1024 0.0625 333
7 3 1024 0.0625 321
5 3 1024 0.125 834
6 3 1024 0.125 498
7 3 1024 0.125 463
5 4 1024 0.000976562 457
6 4 1024 0.000976562 129
7 4 1024 0.000976562 131
5 4 1024 0.00195312 428
6 4 1024 0.00195312 129
7 4 1024 0.00195312 135
5 4 1024 0.00390625 461
6 4 1024 0.00390625 175
7 4 1024 0.00390625 176
5 4 1024 0.0078125 488
6 4 1024 0.0078125 186
7 4 1024 0.0078125 184
5 4 1024 0.015625 492
6 4 1024 0.015625 165
7 4 1024 0.015625 167
5 4 1024 0.03125 544
6 4 1024 0.03125 195
7 4 1024 0.03125 198
5 4 1024 0.0625 556
6 4 1024 0.0625 258
7 4 1024 0.0625 250
5 4 1024 0.125 712
6 4 1024 0.125 406
7 4 1024 0.125 367
5 5 1024 0.000976562 476
6 5 1024 0.000976562 146
7 5 1024 0.000976562 163
5 5 1024 0.00195312 436
6 5 1024 0.00195312 128
7 5 1024 0.00195312 132
5 5 1024 0.00390625 438
6 5 1024 0.00390625 171
7 5 1024 0.00390625 171
5 5 1024 0.0078125 467
6 5 1024 0.0078125 141
7 5 1024 0.0078125 143
5 5 1024 0.015625 491
6 5 1024 0.015625 157
7 5 1024 0.015625 174
5 5 1024 0.03125 540
6 5 1024 0.03125 193
7 5 1024 0.03125 188
5 5 1024 0.0625 579
6 5 1024 0.0625 242
7 5 1024 0.0625 233
5 5 1024 0.125 637
6 5 1024 0.125 364
7 5 1024 0.125 344
5 6 1024 0.000976562 475
6 6 1024 0.000976562 161
7 6 1024 0.000976562 162
5 6 1024 0.00195312 491
6 6 1024 0.00195312 164
7 6 1024 0.00195312 164
5 6 1024 0.00390625 480
6 6 1024 0.00390625 132
7 6 1024 0.00390625 141
5 6 1024 0.0078125 445
6 6 1024 0.0078125 168
7 6 1024 0.0078125 141
5 6 1024 0.015625 443
6 6 1024 0.015625 168
7 6 1024 0.015625 182
5 6 1024 0.03125 528
6 6 1024 0.03125 208
7 6 1024 0.03125 187
5 6 1024 0.0625 517
6 6 1024 0.0625 218
7 6 1024 0.0625 216
5 6 1024 0.125 641
6 6 1024 0.125 362
7 6 1024 0.125 344
5 7 1024 0.000976562 462
6 7 1024 0.000976562 123
7 7 1024 0.000976562 144
5 7 1024 0.00195312 427
6 7 1024 0.00195312 131
7 7 1024 0.00195312 166
5 7 1024 0.00390625 460
6 7 1024 0.00390625 132
7 7 1024 0.00390625 139
5 7 1024 0.0078125 469
6 7 1024 0.0078125 176
7 7 1024 0.0078125 149
5 7 1024 0.015625 498
6 7 1024 0.015625 169
7 7 1024 0.015625 155
5 7 1024 0.03125 500
6 7 1024 0.03125 183
7 7 1024 0.03125 171
5 7 1024 0.0625 521
6 7 1024 0.0625 249
7 7 1024 0.0625 246
5 7 1024 0.125 674
6 7 1024 0.125 329
7 7 1024 0.125 313
5 8 1024 0.000976562 457
6 8 1024 0.000976562 161
7 8 1024 0.000976562 161
5 8 1024 0.00195312 487
6 8 1024 0.00195312 163
7 8 1024 0.00195312 164
5 8 1024 0.00390625 423
6 8 1024 0.00390625 151
7 8 1024 0.00390625 129
5 8 1024 0.0078125 426
6 8 1024 0.0078125 134
7 8 1024 0.0078125 136
5 8 1024 0.015625 438
6 8 1024 0.015625 151
7 8 1024 0.015625 161
5 8 1024 0.03125 517
6 8 1024 0.03125 170
7 8 1024 0.03125 168
5 8 1024 0.0625 495
6 8 1024 0.0625 236
7 8 1024 0.0625 231
5 8 1024 0.125 626
6 8 1024 0.125 284
7 8 1024 0.125 291