5 1 1024 0.000976562 442 1
5 1 1024 0.00195312 436 1
5 1 1024 0.00390625 478 1
5 1 1024 0.0078125 495 1
5 1 1024 0.015625 548 1
5 1 1024 0.03125 622 1
5 1 1024 0.0625 1161 1
5 1 1024 0.125 1142 1
0 1 1024 0.000976562 103 0
0 1 1024 0.00195312 148 0
0 1 1024 0.00390625 207 0
0 1 1024 0.0078125 284 0
0 1 1024 0.015625 452 0
0 1 1024 0.03125 766 0
0 1 1024 0.0625 1190 0
0 1 1024 0.125 1872 0
5 1 1024 0.000976562 1303 3
5 1 1024 0.00195312 1735 3
5 1 1024 0.00390625 2034 3
5 1 1024 0.0078125 2112 3
5 1 1024 0.015625 2176 3
5 1 1024 0.03125 2187 3
5 1 1024 0.0625 2231 3
5 1 1024 0.125 2338 3
5 1 1024 0.000976562 865 2
5 1 1024 0.00195312 870 2
5 1 1024 0.00390625 840 2
5 1 1024 0.0078125 900 2
5 1 1024 0.015625 922 2
5 1 1024 0.03125 957 2
5 1 1024 0.0625 1114 2
5 1 1024 0.125 1363 2