5 1 128 163 99
6 1 128 163 23
7 1 128 163 23
5 1 256 655 195
6 1 256 655 50
7 1 256 655 50
5 1 512 2621 419
6 1 512 2621 110
7 1 512 2621 112
5 1 1024 10485 905
6 1 1024 10485 274
7 1 1024 10485 272
5 1 2048 41943 3411
6 1 2048 41943 1071
7 1 2048 41943 1133
5 2 128 163 153
6 2 128 163 38
7 2 128 163 38
5 2 256 655 317
6 2 256 655 79
7 2 256 655 79
5 2 512 2621 671
6 2 512 2621 171
7 2 512 2621 147
5 2 1024 10485 1513
6 2 1024 10485 381
7 2 1024 10485 382
5 2 2048 41943 3060
6 2 2048 41943 1004
7 2 2048 41943 1013
5 3 128 163 162
6 3 128 163 40
7 3 128 163 40
5 3 256 655 323
6 3 256 655 79
7 3 256 655 79
5 3 512 2621 680
6 3 512 2621 176
7 3 512 2621 175
5 3 1024 10485 1453
6 3 1024 10485 391
7 3 1024 10485 391
5 3 2048 41943 3061
6 3 2048 41943 953
7 3 2048 41943 947
5 4 128 163 159
6 4 128 163 39
7 4 128 163 40
5 4 256 655 327
6 4 256 655 81
7 4 256 655 83
5 4 512 2621 684
6 4 512 2621 174
7 4 512 2621 173
5 4 1024 10485 1409
6 4 1024 10485 386
7 4 1024 10485 392
5 4 2048 41943 3020
6 4 2048 41943 932
7 4 2048 41943 932
5 5 128 163 156
6 5 128 163 40
7 5 128 163 39
5 5 256 655 317
6 5 256 655 81
7 5 256 655 81
5 5 512 2621 659
6 5 512 2621 172
7 5 512 2621 172
5 5 1024 10485 1422
6 5 1024 10485 379
7 5 1024 10485 388
5 5 2048 41943 2960
6 5 2048 41943 906
7 5 2048 41943 912
5 6 128 163 155
6 6 128 163 39
7 6 128 163 39
5 6 256 655 314
6 6 256 655 83
7 6 256 655 83
5 6 512 2621 664
6 6 512 2621 172
7 6 512 2621 172
5 6 1024 10485 1403
6 6 1024 10485 376
7 6 1024 10485 379
5 6 2048 41943 2968
6 6 2048 41943 904
7 6 2048 41943 921
5 7 128 163 161
6 7 128 163 40
7 7 128 163 39
5 7 256 655 323
6 7 256 655 80
7 7 256 655 80
5 7 512 2621 671
6 7 512 2621 172
7 7 512 2621 171
5 7 1024 10485 1409
6 7 1024 10485 387
7 7 1024 10485 384
5 7 2048 41943 2943
6 7 2048 41943 900
7 7 2048 41943 901
5 8 128 163 159
6 8 128 163 40
7 8 128 163 39
5 8 256 655 321
6 8 256 655 80
7 8 256 655 79
5 8 512 2621 654
6 8 512 2621 168
7 8 512 2621 172
5 8 1024 10485 1356
6 8 1024 10485 376
7 8 1024 10485 377
5 8 2048 41943 2985
6 8 2048 41943 900
7 8 2048 41943 900