6 1 1024 0.000976562 226
6 1 1024 0.00195312 230
6 1 1024 0.00390625 252
6 1 1024 0.0078125 264
6 1 1024 0.015625 276
6 1 1024 0.03125 382
6 1 1024 0.0625 463
6 1 1024 0.125 671
6 2 1024 0.000976562 296
6 2 1024 0.00195312 300
6 2 1024 0.00390625 305
6 2 1024 0.0078125 311
6 2 1024 0.015625 350
6 2 1024 0.03125 348
6 2 1024 0.0625 412
6 2 1024 0.125 507
6 3 1024 0.000976562 301
6 3 1024 0.00195312 300
6 3 1024 0.00390625 301
6 3 1024 0.0078125 306
6 3 1024 0.015625 317
6 3 1024 0.03125 344
6 3 1024 0.0625 390
6 3 1024 0.125 461
6 4 1024 0.000976562 303
6 4 1024 0.00195312 312
6 4 1024 0.00390625 308
6 4 1024 0.0078125 315
6 4 1024 0.015625 316
6 4 1024 0.03125 344
6 4 1024 0.0625 377
6 4 1024 0.125 433
6 5 1024 0.000976562 297
6 5 1024 0.00195312 305
6 5 1024 0.00390625 306
6 5 1024 0.0078125 321
6 5 1024 0.015625 321
6 5 1024 0.03125 335
6 5 1024 0.0625 359
6 5 1024 0.125 391
6 6 1024 0.000976562 293
6 6 1024 0.00195312 291
6 6 1024 0.00390625 307
6 6 1024 0.0078125 312
6 6 1024 0.015625 320
6 6 1024 0.03125 338
6 6 1024 0.0625 362
6 6 1024 0.125 395
6 7 1024 0.000976562 290
6 7 1024 0.00195312 301
6 7 1024 0.00390625 341
6 7 1024 0.0078125 382
6 7 1024 0.015625 370
6 7 1024 0.03125 395
6 7 1024 0.0625 414
6 7 1024 0.125 444
6 8 1024 0.000976562 359
6 8 1024 0.00195312 350
6 8 1024 0.00390625 350
6 8 1024 0.0078125 355
6 8 1024 0.015625 372
6 8 1024 0.03125 373
6 8 1024 0.0625 407
6 8 1024 0.125 445