5 1 1024 0.000976562 865
6 1 1024 0.000976562 238
7 1 1024 0.000976562 237
5 1 1024 0.00195312 870
6 1 1024 0.00195312 256
7 1 1024 0.00195312 256
5 1 1024 0.00390625 840
6 1 1024 0.00390625 242
7 1 1024 0.00390625 248
5 1 1024 0.0078125 900
6 1 1024 0.0078125 266
7 1 1024 0.0078125 263
5 1 1024 0.015625 922
6 1 1024 0.015625 290
7 1 1024 0.015625 269
5 1 1024 0.03125 957
6 1 1024 0.03125 340
7 1 1024 0.03125 318
5 1 1024 0.0625 1114
6 1 1024 0.0625 436
7 1 1024 0.0625 445
5 1 1024 0.125 1363
6 1 1024 0.125 632
7 1 1024 0.125 682
5 2 1024 0.000976562 1124
6 2 1024 0.000976562 241
7 2 1024 0.000976562 240
5 2 1024 0.00195312 867
6 2 1024 0.00195312 233
7 2 1024 0.00195312 241
5 2 1024 0.00390625 936
6 2 1024 0.00390625 258
7 2 1024 0.00390625 318
5 2 1024 0.0078125 1203
6 2 1024 0.0078125 330
7 2 1024 0.0078125 317
5 2 1024 0.015625 1216
6 2 1024 0.015625 340
7 2 1024 0.015625 334
5 2 1024 0.03125 1244
6 2 1024 0.03125 362
7 2 1024 0.03125 365
5 2 1024 0.0625 1352
6 2 1024 0.0625 420
7 2 1024 0.0625 400
5 2 1024 0.125 1447
6 2 1024 0.125 508
7 2 1024 0.125 491
5 3 1024 0.000976562 1186
6 3 1024 0.000976562 292
7 3 1024 0.000976562 297
5 3 1024 0.00195312 1186
6 3 1024 0.00195312 313
7 3 1024 0.00195312 306
5 3 1024 0.00390625 1197
6 3 1024 0.00390625 315
7 3 1024 0.00390625 313
5 3 1024 0.0078125 1198
6 3 1024 0.0078125 312
7 3 1024 0.0078125 311
5 3 1024 0.015625 1207
6 3 1024 0.015625 327
7 3 1024 0.015625 322
5 3 1024 0.03125 1274
6 3 1024 0.03125 354
7 3 1024 0.03125 351
5 3 1024 0.0625 1314
6 3 1024 0.0625 384
7 3 1024 0.0625 382
5 3 1024 0.125 1403
6 3 1024 0.125 451
7 3 1024 0.125 438
5 4 1024 0.000976562 1227
6 4 1024 0.000976562 308
7 4 1024 0.000976562 316
5 4 1024 0.00195312 1232
6 4 1024 0.00195312 320
7 4 1024 0.00195312 314
5 4 1024 0.00390625 1226
6 4 1024 0.00390625 316
7 4 1024 0.00390625 314
5 4 1024 0.0078125 1215
6 4 1024 0.0078125 319
7 4 1024 0.0078125 319
5 4 1024 0.015625 1209
6 4 1024 0.015625 335
7 4 1024 0.015625 329
5 4 1024 0.03125 1207
6 4 1024 0.03125 349
7 4 1024 0.03125 348
5 4 1024 0.0625 1291
6 4 1024 0.0625 368
7 4 1024 0.0625 370
5 4 1024 0.125 1356
6 4 1024 0.125 416
7 4 1024 0.125 416
5 5 1024 0.000976562 1226
6 5 1024 0.000976562 298
7 5 1024 0.000976562 304
5 5 1024 0.00195312 1208
6 5 1024 0.00195312 306
7 5 1024 0.00195312 305
5 5 1024 0.00390625 1207
6 5 1024 0.00390625 318
7 5 1024 0.00390625 355
5 5 1024 0.0078125 1259
6 5 1024 0.0078125 329
7 5 1024 0.0078125 327
5 5 1024 0.015625 1222
6 5 1024 0.015625 338
7 5 1024 0.015625 335
5 5 1024 0.03125 1286
6 5 1024 0.03125 350
7 5 1024 0.03125 331
5 5 1024 0.0625 1269
6 5 1024 0.0625 372
7 5 1024 0.0625 368
5 5 1024 0.125 1349
6 5 1024 0.125 414
7 5 1024 0.125 406
5 6 1024 0.000976562 1219
6 6 1024 0.000976562 315
7 6 1024 0.000976562 321
5 6 1024 0.00195312 1187
6 6 1024 0.00195312 311
7 6 1024 0.00195312 316
5 6 1024 0.00390625 1246
6 6 1024 0.00390625 316
7 6 1024 0.00390625 315
5 6 1024 0.0078125 1251
6 6 1024 0.0078125 321
7 6 1024 0.0078125 324
5 6 1024 0.015625 1228
6 6 1024 0.015625 341
7 6 1024 0.015625 339
5 6 1024 0.03125 1240
6 6 1024 0.03125 340
7 6 1024 0.03125 389
5 6 1024 0.0625 1462
6 6 1024 0.0625 443
7 6 1024 0.0625 437
5 6 1024 0.125 1505
6 6 1024 0.125 500
7 6 1024 0.125 474
5 7 1024 0.000976562 1349
6 7 1024 0.000976562 371
7 7 1024 0.000976562 373
5 7 1024 0.00195312 1332
6 7 1024 0.00195312 374
7 7 1024 0.00195312 375
5 7 1024 0.00390625 1365
6 7 1024 0.00390625 374
7 7 1024 0.00390625 375
5 7 1024 0.0078125 1285
6 7 1024 0.0078125 317
7 7 1024 0.0078125 326
5 7 1024 0.015625 1226
6 7 1024 0.015625 321
7 7 1024 0.015625 322
5 7 1024 0.03125 1207
6 7 1024 0.03125 324
7 7 1024 0.03125 331
5 7 1024 0.0625 1264
6 7 1024 0.0625 371
7 7 1024 0.0625 366
5 7 1024 0.125 1293
6 7 1024 0.125 391
7 7 1024 0.125 383
5 8 1024 0.000976562 1164
6 8 1024 0.000976562 308
7 8 1024 0.000976562 311
5 8 1024 0.00195312 1183
6 8 1024 0.00195312 309
7 8 1024 0.00195312 315
5 8 1024 0.00390625 1193
6 8 1024 0.00390625 317
7 8 1024 0.00390625 318
5 8 1024 0.0078125 1194
6 8 1024 0.0078125 328
7 8 1024 0.0078125 326
5 8 1024 0.015625 1211
6 8 1024 0.015625 316
7 8 1024 0.015625 319
5 8 1024 0.03125 1233
6 8 1024 0.03125 343
7 8 1024 0.03125 343
5 8 1024 0.0625 1254
6 8 1024 0.0625 353
7 8 1024 0.0625 351
5 8 1024 0.125 1322
6 8 1024 0.125 384
7 8 1024 0.125 379