6 1 128 163 22
6 1 256 655 48
6 1 512 2621 105
6 1 1024 10485 330
6 1 2048 41943 992
6 2 128 163 38
6 2 256 655 76
6 2 512 2621 158
6 2 1024 10485 368
6 2 2048 41943 932
6 3 128 163 37
6 3 256 655 75
6 3 512 2621 163
6 3 1024 10485 379
6 3 2048 41943 880
6 4 128 163 38
6 4 256 655 75
6 4 512 2621 159
6 4 1024 10485 343
6 4 2048 41943 839
6 5 128 163 37
6 5 256 655 75
6 5 512 2621 158
6 5 1024 10485 343
6 5 2048 41943 834
6 6 128 163 36
6 6 256 655 75
6 6 512 2621 158
6 6 1024 10485 372
6 6 2048 41943 892
6 7 128 163 40
6 7 256 655 78
6 7 512 2621 171
6 7 1024 10485 373
6 7 2048 41943 913
6 8 128 163 38
6 8 256 655 83
6 8 512 2621 165
6 8 1024 10485 377
6 8 2048 41943 877