1 1024 0.000976562 182
2 1024 0.000976562 275
3 1024 0.000976562 111
4 1024 0.000976562 127
1 1024 0.00195312 257
2 1024 0.00195312 463
3 1024 0.00195312 124
4 1024 0.00195312 164
1 1024 0.00390625 439
2 1024 0.00390625 734
3 1024 0.00390625 169
4 1024 0.00390625 259
1 1024 0.0078125 815
2 1024 0.0078125 1435
3 1024 0.0078125 278
4 1024 0.0078125 448
1 1024 0.015625 1647
2 1024 0.015625 3198
3 1024 0.015625 562
4 1024 0.015625 1020
1 1024 0.03125 3511
2 1024 0.03125 6577
3 1024 0.03125 993
4 1024 0.03125 1909
1 1024 0.0625 6452
2 1024 0.0625 12531
3 1024 0.0625 2011
4 1024 0.0625 3908
1 1024 0.125 13371
2 1024 0.125 25635
3 1024 0.125 3914
4 1024 0.125 7724
