1 16 1 93
1 16 2 4
1 16 4 3
1 16 8 3
1 16 16 3
1 16 32 3
1 16 64 3
1 16 128 3
1 16 256 3
1 16 512 3
1 16 1024 3
2 16 1 0
0 16 10
1 32 1 4
1 32 2 4
1 32 4 5
1 32 8 4
1 32 16 4
1 32 32 6
1 32 64 4
1 32 128 3
1 32 256 5
1 32 512 3
1 32 1024 3
2 32 1 0
0 32 10
1 64 1 4
1 64 2 5
1 64 4 4
1 64 8 4
1 64 16 5
1 64 32 4
1 64 64 4
1 64 128 5
1 64 256 6
1 64 512 7
1 64 1024 3
2 64 1 0
0 64 10
1 128 1 4
1 128 2 6
1 128 4 4
1 128 8 4
1 128 16 6
1 128 32 5
1 128 64 4
1 128 128 5
1 128 256 5
1 128 512 5
1 128 1024 6
2 128 1 0
0 128 11
1 256 1 9
1 256 2 8
1 256 4 8
1 256 8 6
1 256 16 7
1 256 32 9
1 256 64 9
1 256 128 8
1 256 256 10
1 256 512 8
1 256 1024 9
2 256 1 0
0 256 17
1 512 1 22
1 512 2 19
1 512 4 19
1 512 8 19
1 512 16 18
1 512 32 20
1 512 64 19
1 512 128 21
1 512 256 19
1 512 512 24
1 512 1024 23
2 512 1 5
0 512 137
1 1024 1 58
1 1024 2 48
1 1024 4 44
1 1024 8 45
1 1024 16 44
1 1024 32 46
1 1024 64 45
1 1024 128 50
1 1024 256 56
1 1024 512 68
1 1024 1024 112
2 1024 1 45
0 1024 1280
1 2048 1 284
1 2048 2 228
1 2048 4 183
1 2048 8 148
1 2048 16 142
1 2048 32 150
1 2048 64 153
1 2048 128 154
1 2048 256 178
1 2048 512 255
1 2048 1024 424
2 2048 1 384
0 2048 12168
1 4096 1 2064
1 4096 2 1271
1 4096 4 1730
1 4096 8 1787
1 4096 16 1744
1 4096 32 1716
1 4096 64 1700
1 4096 128 1706
1 4096 256 1768
1 4096 512 1815
1 4096 1024 2406
2 4096 1 3348
0 4096 117829
1 8192 1 13158
1 8192 2 13627
1 8192 4 13991
1 8192 8 14607
1 8192 16 15553
1 8192 32 15422
1 8192 64 15377
1 8192 128 15558
1 8192 256 15885
1 8192 512 16548
1 8192 1024 16958
2 8192 1 33284
0 8192 1145033