1 16 16 13394
1 16 32 13049
1 16 64 13027
1 16 128 13083
1 16 256 13290
1 16 512 13447
1 16 1024 18428
2 16 1 32320
0 16 1 1134209
1 32 16 7027
1 32 32 6586
1 32 64 6533
1 32 128 6532
1 32 256 6649
1 32 512 6447
1 32 1024 8939
2 32 1 15026
0 32 1 167194
1 64 16 3663
1 64 32 3278
1 64 64 3335
1 64 128 3370
1 64 256 3409
1 64 512 3474
1 64 1024 4697
2 64 1 7004
0 64 1 133839
1 128 16 1938
1 128 32 1698
1 128 64 1686
1 128 128 1704
1 128 256 1754
1 128 512 1803
1 128 1024 2421
2 128 1 3509
0 128 1 116951
1 256 16 1267
1 256 32 949
1 256 64 958
1 256 128 957
1 256 256 961
1 256 512 994
1 256 1024 1193
2 256 1 1675
0 256 1 18438
1 512 16 837
1 512 32 563
1 512 64 575
1 512 128 568
1 512 256 638
1 512 512 635
1 512 1024 720
2 512 1 886
0 512 1 14237