27161 8192 2
19369 8192 3
15338 8192 4
12882 8192 5
12827 8192 6
13174 8192 7
13359 8192 8
13483 8192 9
13604 8192 10
3497 4096 2
2298 4096 3
1737 4096 4
1553 4096 5
1532 4096 6
1588 4096 7
1603 4096 8
1615 4096 9
1659 4096 10
436 2048 2
286 2048 3
223 2048 4
194 2048 5
185 2048 6
180 2048 7
193 2048 8
181 2048 9
184 2048 10
62 1024 2
58 1024 3
65 1024 4
63 1024 5
62 1024 6
63 1024 7
66 1024 8
72 1024 9
65 1024 10
21 512 2
21 512 3
21 512 4
21 512 5
22 512 6
21 512 7
20 512 8
20 512 9
24 512 10
9 256 2
8 256 3
9 256 4
8 256 5
9 256 6
9 256 7
9 256 8
9 256 9
8 256 10
7 128 2
6 128 3
7 128 4
6 128 5
6 128 6
7 128 7
6 128 8
7 128 9
6 128 10
6 64 2
6 64 3
6 64 4
7 64 5
5 64 6
5 64 7
12 64 8
6 64 9
5 64 10
5 32 2
6 32 3
5 32 4
5 32 5
6 32 6
5 32 7
6 32 8
6 32 9
5 32 10
6 16 2
5 16 3
5 16 4
6 16 5
5 16 6
5 16 7
6 16 8
5 16 9
6 16 10