497 1024 2
356 1024 3
352 1024 4
387 1024 5
374 1024 6
390 1024 7
380 1024 8
381 1024 9
394 1024 10
699 512 2
491 512 3
498 512 4
537 512 5
538 512 6
549 512 7
568 512 8
573 512 9
590 512 10
1338 256 2
890 256 3
773 256 4
879 256 5
880 256 6
904 256 7
952 256 8
1154 256 9
1067 256 10
3852 128 2
2618 128 3
2035 128 4
1728 128 5
1674 128 6
1744 128 7
1876 128 8
1759 128 9
1735 128 10
9158 64 2
6247 64 3
4752 64 4
3883 64 5
3313 64 6
3160 64 7
3042 64 8
3148 64 9
3215 64 10
24892 32 2
16625 32 3
12595 32 4
10357 32 5
7177 32 6
5651 32 7
5678 32 8
5788 32 9
5813 32 10
36206 16 2
24103 16 3
18479 16 4
15164 16 5
12763 16 6
11335 16 7
10878 16 8
11089 16 9
11140 16 10